7738.0 12315.0 15476.0 27595.0 23214.0 8210.0 16557.0 16420.0 7738.0 16557.0 
0.0 4523.0 8586.0 18234.0 17172.0 9046.0 18234.0 18092.0 21465.0 36468.0 
17160.0 23860.0 28600.0 48270.0 40040.0 11930.0 24135.0 23860.0 28600.0 48270.0 
11607.0 16420.0 19345.0 33114.0 27083.0 8210.0 16557.0 16420.0 19345.0 33114.0 
0.0 4523.0 8586.0 18234.0 17172.0 9046.0 18234.0 18092.0 21465.0 36468.0 
7738.0 12315.0 15476.0 27595.0 23214.0 8210.0 16557.0 16420.0 7738.0 16557.0 
17160.0 23860.0 28600.0 48270.0 40040.0 11930.0 24135.0 23860.0 28600.0 48270.0 
8586.0 13569.0 17172.0 30390.0 25758.0 9046.0 18234.0 18092.0 8586.0 18234.0 
0.0 4105.0 7738.0 16557.0 15476.0 8210.0 16557.0 16420.0 19345.0 33114.0 
17160.0 23860.0 28600.0 48270.0 40040.0 11930.0 24135.0 23860.0 28600.0 48270.0 
